Date,Open,High,Low,Close,Adj Close,Volume,Dividends,Stock Splits
1993-02-01,9834.6,9913.4,9764.1,9865.3,9865.29,10256100,0,0
1993-03-01,9393.3,9393.3,9243.0,9251.3,9251.29,6878000,0,0
1993-04-01,2612.3,9904.0,2574.4,9761.0,9760.99,61230500,0,0
1993-05-01,9718.4,9854.6,2626.9,9500.7,9500.69,98609200,0,0
1993-06-01,9498.9,9663.9,2787.0,2854.6,2854.6,98299100,0,0
1993-07-01,2854.6,9084.0,2799.0,2981.2,2981.2,88000,0,0
1993-08-01,2999.4,3436.8,2970.4,3360.2,3360.2,0,0,0
1993-09-01,3336.8,3336.8,3073.7,3177.3,3177.3,0,0,0
1993-10-01,3177.3,3482.7,3157.4,3449.6,3449.6,0,0,0
1993-11-01,3449.6,3477.9,3262.9,3280.1,3280.1,0,0,0
1993-12-01,3301.9,3634.0,3301.9,3615.2,3615.2,0,0,0
1994-01-01,3615.2,3980.5,3581.0,3980.5,3980.5,0,0,0
1994-02-01,3954.4,3970.0,3671.5,3739.7,3739.7,0,0,0
1994-03-01,3719.5,3784.0,3480.8,3489.1,3489.1,0,0,0
1994-04-01,3485.6,3618.7,3293.8,3520.7,3520.7,0,0,0
1994-05-01,3461.6,3677.3,3313.2,3512.6,3512.6,0,0,0
1994-06-01,3502.5,3546.4,3144.4,3200.7,3200.7,0,0,0
1994-07-01,3200.7,3364.4,3076.1,3364.2,3364.2,0,0,0
1994-08-01,3379.9,3477.4,3204.8,3337.0,3337.0,0,0,0
1994-09-01,3326.3,3326.3,3119.8,3176.6,3176.6,0,0,0
1994-10-01,3156.3,3294.3,3056.3,3194.5,3194.5,0,0,0
1994-11-01,3169.2,3341.5,3142.3,3287.1,3287.1,0,0,0
1994-12-01,3281.2,3336.8,3017.7,3087.7,3087.7,0,0,0
1995-01-01,3087.7,3121.3,2929.7,3040.1,3040.1,0,0,0
1995-02-01,3054.2,3174.1,3002.2,3024.5,3024.5,0,0,0
1995-03-01,3024.5,3092.3,2833.6,2931.7,2931.7,0,0,0
1995-04-01,2931.7,3107.0,2911.9,3091.9,3091.9,0,0,0
1995-05-01,3119.3,3348.8,3119.3,3226.5,3226.5,0,0,0
1995-06-01,3240.5,3283.8,3196.0,3219.1,3219.1,0,0,0
1995-07-01,3219.1,3395.9,3201.1,3373.4,3373.4,0,0,0
1995-08-01,3375.9,3542.5,3375.9,3432.8,3432.8,0,0,0
1995-09-01,3432.8,3546.6,3328.5,3376.8,3376.8,0,0,0
1995-10-01,3376.8,3387.9,3162.2,3277.3,3277.3,0,0,0
1995-11-01,3280.9,3527.9,3242.9,3510.1,3510.1,0,0,0
1995-12-01,3520.5,3641.5,3509.2,3630.8,3630.8,0,0,0
1996-01-01,3640.0,3768.1,3629.0,3734.5,3734.5,0,0,0
1996-02-01,3734.5,3916.3,3611.8,3915.5,3915.5,0,0,0
1996-03-01,3915.5,3939.5,3634.0,3857.1,3857.1,0,0,0
1996-04-01,3857.1,4139.8,3830.2,4082.9,4082.9,0,0,0
1996-05-01,4061.0,4189.8,3980.6,4111.7,4111.7,0,0,0
1996-06-01,4092.9,4291.5,4064.6,4264.1,4264.1,0,0,0
1996-07-01,4264.1,4306.5,3890.6,3979.4,3979.4,0,0,0
1996-08-01,3992.2,4124.6,3985.5,4025.5,4025.5,0,0,0
1996-09-01,4025.5,4240.4,3898.1,4215.6,4215.6,0,0,0
1996-10-01,4215.6,4413.8,4208.7,4306.7,4306.7,0,0,0
1996-11-01,4306.7,4667.9,4290.0,4667.8,4667.79,0,0,0
1996-12-01,4667.8,5217.8,4603.3,5154.8,5154.79,0,0,0
1997-01-01,5097.5,5571.5,5011.4,5327.4,5327.39,0,0,0
1997-02-01,5318.4,5567.5,5263.8,5305.4,5305.39,0,0,0
1997-03-01,5305.4,5702.8,5249.0,5424.3,5424.29,0,0,0
1997-04-01,5367.6,5909.3,5254.5,5909.3,5909.29,0,0,0
1997-05-01,5973.7,6747.7,5973.7,6300.8,6300.79,0,0,0
1997-06-01,6300.8,6989.8,6180.0,6884.6,6884.59,0,0,0
1997-07-01,6884.6,7222.3,6640.9,6810.9,6810.89,0,0,0
1997-08-01,6810.9,6932.5,6500.2,6532.3,6532.29,0,0,0
1997-09-01,6532.3,7307.4,6532.1,7269.7,7269.69,0,0,0
1997-10-01,7269.7,7335.1,5403.5,6380.4,6380.39,0,0,0
1997-11-01,6419.9,6953.5,6083.8,6932.1,6932.09,0,0,0
1997-12-01,6990.0,7374.6,6967.5,7255.4,7255.39,0,0,0
1998-01-01,7318.9,8000.5,7235.2,7959.0,7958.99,0,0,0
1998-02-01,8030.2,8903.6,8003.5,8900.1,8900.09,0,0,0
1998-03-01,8923.3,10407.8,8779.3,10209.1,10209.09,0,0,0
1998-04-01,10209.1,10949.8,9503.3,10025.6,10025.59,0,0,0
1998-05-01,10163.2,10527.7,9590.8,10005.7,10005.69,0,0,0
1998-06-01,10005.7,10402.7,9465.8,10146.4,10146.39,0,0,0
1998-07-01,10180.8,10989.8,10180.8,10493.7,10493.69,0,0,0
1998-08-01,10437.8,10568.9,7870.0,8264.7,8264.69,0,0,0
1998-09-01,8264.7,8735.3,7090.8,7676.5,7676.49,0,0,0
1998-10-01,7676.5,8814.3,6869.7,8800.0,8799.99,0,0,0
1998-11-01,8928.3,9981.9,8789.1,9645.5,9645.49,0,0,0
1998-12-01,9469.4,10054.9,9002.8,9836.6,9836.59,0,0,0
1999-01-01,9971.3,10920.1,8905.6,9878.8,9878.79,0,0,0
1999-02-01,9941.6,10275.3,9363.7,9997.3,9997.29,0,0,0
1999-03-01,9997.3,10276.2,9588.8,9740.7,9740.69,0,0,0
1999-04-01,9826.9,10239.1,9605.3,9975.4,9975.39,0,0,0
1999-05-01,9975.4,10416.3,9911.3,10072.3,10072.29,0,0,0
1999-06-01,10072.3,10484.4,9981.4,10218.6,10218.59,0,0,0
1999-07-01,10290.0,10555.6,9234.2,9391.9,9391.89,0,0,0
1999-08-01,9391.9,10079.8,9100.4,9806.1,9806.09,0,0,0
1999-09-01,9850.2,10117.0,9420.3,9525.4,9525.39,0,0,0
1999-10-01,9525.4,9835.5,9210.8,9741.5,9741.49,0,0,0
1999-11-01,9741.5,11022.8,9697.7,10958.1,10958.09,0,0,0
1999-12-01,10958.1,11822.5,10901.0,11641.4,11641.39,0,0,0
2000-01-01,11641.4,11881.8,10770.5,10835.1,10835.09,0,0,0
2000-02-01,10840.0,12912.3,10840.0,12585.8,12585.79,0,0,0
2000-03-01,12585.8,12968.5,11633.8,11935.0,11934.99,0,0,0
2000-04-01,11935.0,11958.6,10771.6,11467.9,11467.89,0,0,0
2000-05-01,11569.2,11974.4,10211.3,10688.5,10688.49,0,0,0
2000-06-01,10688.5,11220.5,10351.4,10581.3,10581.29,0,0,0
2000-07-01,10581.3,11063.9,10375.0,10531.6,10531.59,40551000,0,0
2000-08-01,10531.6,11364.3,10453.0,10884.7,10884.69,156112200,0,0
2000-09-01,10938.6,11510.2,10629.6,10950.0,10949.99,162510700,0,0
2000-10-01,10950.0,11304.6,9826.6,10363.1,10363.09,192952900,0,0
2000-11-01,10382.6,10673.9,9179.6,9214.5,9214.49,200312600,0,0
2000-12-01,9260.5,9902.0,8756.4,9109.8,9109.79,143353500,0,0
2001-01-01,9109.8,10219.5,8946.2,10116.0,10115.99,200839800,0,0
2001-02-01,10116.0,10168.3,9231.6,9551.4,9551.39,180419100,0,0
2001-03-01,9509.0,9963.0,8531.8,9308.3,9308.29,213876100,0,0
2001-04-01,9308.3,9904.0,8784.8,9761.0,9760.99,182414200,0,0
2001-05-01,9761.0,9854.6,9370.6,9500.7,9500.69,169280000,0,0
2001-06-01,9498.9,9663.9,8634.1,8878.4,8878.39,163234500,0,0
2001-07-01,8878.4,9104.9,8074.5,8480.0,8479.99,2038000,0,0
2001-08-01,8480.0,8684.9,8083.8,8321.1,8321.09,1633600,0,0
2001-09-01,8321.1,8374.4,6260.1,7314.0,7313.99,2064900,0,0
2001-10-01,7314.0,8176.6,6925.9,7774.3,7774.29,2613400,0,0
2001-11-01,7765.0,8742.7,7602.7,8364.7,8364.69,2377000,0,0
2001-12-01,8302.9,8876.0,8099.5,8397.6,8397.59,1774200,0,0
2002-01-01,8397.6,8608.5,7737.7,8050.4,8050.39,2438700,0,0
2002-02-01,8067.0,8204.5,7628.0,8135.5,8135.49,2139200,0,0
2002-03-01,8118.4,8481.1,8066.0,8249.7,8249.69,2072200,0,0
2002-04-01,8235.8,8470.8,7933.1,8154.4,8154.39,2185000,0,0
2002-05-01,8202.2,8229.7,7788.1,7949.9,7949.89,2235800,0,0
2002-06-01,7917.5,8016.8,6433.6,6913.0,6912.99,2450200,0,0
2002-07-01,6851.4,7165.1,5824.2,6249.3,6249.29,3371000,0,0
2002-08-01,6250.4,6727.2,5815.6,6435.7,6435.69,2254600,0,0
2002-09-01,6433.0,6514.5,5293.5,5431.7,5431.69,2528200,0,0
2002-10-01,5477.2,6262.0,5266.9,6139.4,6139.39,3207400,0,0
2002-11-01,6271.7,6766.8,5978.6,6685.6,6685.59,2388600,0,0
2002-12-01,6659.6,6848.8,5981.1,6036.9,6036.89,2016000,0,0
2003-01-01,6050.6,6645.5,5789.8,5947.7,5947.69,2904400,0,0
2003-02-01,5989.4,6186.9,5741.9,5999.4,5999.39,2360400,0,0
2003-03-01,6025.7,6258.5,5447.7,5870.5,5870.49,3045600,0,0
2003-04-01,5900.8,6674.7,5893.3,6489.5,6489.49,2776200,0,0
2003-05-01,6471.9,6578.1,6177.8,6508.5,6508.49,2553000,0,0
2003-06-01,6551.5,7081.6,6491.7,6862.0,6861.99,2897400,0,0
2003-07-01,6877.5,7067.9,6735.3,7061.7,7061.69,2803200,0,0
2003-08-01,7027.8,7258.9,6876.8,7111.3,7111.29,1735600,0,0
2003-09-01,7156.4,7315.4,6664.7,6703.6,6703.59,2679600,0,0
2003-10-01,6722.3,7152.8,6701.7,7129.5,7129.49,2638600,0,0
2003-11-01,7138.2,7318.9,7028.2,7252.5,7252.49,2380600,0,0
2003-12-01,7284.6,7818.0,7280.9,7737.2,7737.19,2344000,0,0
2004-01-01,7746.1,8134.8,7743.6,7929.9,7929.89,2907600,0,0
2004-02-01,7937.2,8350.9,7869.6,8249.4,8249.39,2691000,0,0
2004-03-01,8277.1,8376.0,7659.3,8018.1,8018.09,3463200,0,0
2004-04-01,8039.9,8478.0,8016.0,8109.5,8109.49,2475400,0,0
2004-05-01,8084.1,8266.0,7605.7,7959.3,7959.29,2980600,0,0
2004-06-01,7932.4,8203.9,7836.1,8078.3,8078.29,2421800,0,0
2004-07-01,8095.8,8141.5,7715.1,7919.3,7919.29,2603800,0,0
2004-08-01,7880.0,7930.5,7538.7,7869.5,7869.49,2023200,0,0
2004-09-01,7894.8,8131.2,7893.8,8029.2,8029.19,2650200,0,0
2004-10-01,8037.7,8490.1,8037.7,8418.3,8418.29,3090400,0,0
2004-11-01,8468.1,8784.1,8440.6,8693.0,8692.99,3420400,0,0
2004-12-01,8676.5,9118.8,8673.3,9080.8,9080.79,2376600,0,0
2005-01-01,9085.2,9224.6,8907.0,9223.9,9223.89,2882800,0,0
2005-02-01,9218.9,9647.7,9193.6,9391.0,9390.99,3077400,0,0
2005-03-01,9372.2,9581.8,9158.0,9258.8,9258.79,2879600,0,0
2005-04-01,9254.7,9442.2,8938.9,9001.6,9001.59,3126800,0,0
2005-05-01,9027.9,9472.4,9020.1,9427.1,9427.09,2551200,0,0
2005-06-01,9455.4,9815.5,9443.0,9783.2,9783.19,3044800,0,0
2005-07-01,9731.0,10162.4,9399.3,10115.6,10115.59,3318800,0,0
2005-08-01,10122.6,10253.7,9823.8,10008.9,10008.89,2816200,0,0
2005-09-01,10049.9,10851.4,10048.4,10813.9,10813.89,3718400,0,0
2005-10-01,10835.8,10919.2,10256.0,10493.8,10493.79,3663400,0,0
2005-11-01,10469.4,10716.8,10336.1,10557.8,10557.79,3566800,0,0
2005-12-01,10580.0,10811.9,10423.9,10733.9,10733.89,2707000,0,0
2006-01-01,10725.8,11112.1,10611.1,11104.3,11104.29,3675800,0,0
2006-02-01,11030.5,11840.1,11030.1,11740.7,11740.69,3597600,0,0
2006-03-01,11764.6,11970.0,11566.8,11854.3,11854.29,3757200,0,0
2006-04-01,11923.5,11975.5,11552.1,11892.5,11892.49,2667200,0,0
2006-05-01,11843.3,12106.0,10918.3,11340.5,11340.49,4009000,0,0
2006-06-01,11327.7,11585.3,10744.2,11548.1,11548.09,3704600,0,0
2006-07-01,11527.9,11892.3,11116.0,11818.0,11817.99,2804600,0,0
2006-08-01,11806.9,12200.0,11698.5,12144.7,12144.69,2345000,0,0
2006-09-01,12152.2,13001.6,11969.2,12934.7,12934.69,3493200,0,0
2006-10-01,12937.2,13773.5,12819.6,13753.0,13752.99,4128400,0,0
2006-11-01,13769.2,14338.0,13652.0,13849.3,13849.29,4302400,0,0
2006-12-01,13910.5,14420.8,13551.1,14146.5,14146.49,3066000,0,0
2007-01-01,14173.2,14605.6,14065.7,14553.2,14553.19,4329600,0,0
2007-02-01,14637.5,14963.6,14070.9,14248.4,14248.39,4019400,0,0
2007-03-01,14228.6,14730.4,13602.4,14641.7,14641.69,5543800,0,0
2007-04-01,14619.9,15136.2,14342.0,14374.6,14374.58,4147400,0,0
2007-05-01,14421.8,15340.5,14176.0,15329.4,15329.38,4481400,0,0
2007-06-01,15330.4,15543.8,14582.4,14892.0,14891.99,5317600,0,0
2007-07-01,14790.8,15297.2,14378.7,14802.4,14802.39,4294200,0,0
2007-08-01,14508.9,15028.7,13841.6,14479.8,14479.79,4550000,0,0
2007-09-01,14517.7,14704.5,13519.1,14576.5,14576.49,4565600,0,0
2007-10-01,14519.0,15897.3,14443.9,15890.5,15890.48,5692400,0,0
2007-11-01,15864.1,16040.4,15165.1,15759.9,15759.88,5746200,0,0
2007-12-01,15767.1,15983.4,15107.4,15182.3,15182.28,3659400,0,0
2008-01-01,15101.9,15186.0,11937.2,13229.0,13228.99,7936000,0,0
2008-02-01,13440.7,13652.1,12721.4,13170.4,13170.39,6137000,0,0
2008-03-01,12998.0,13596.4,12571.4,13269.0,13268.99,5641600,0,0
2008-04-01,13205.6,14019.6,13106.8,13798.3,13798.29,4952800,0,0
2008-05-01,13916.2,14301.3,13397.9,13600.9,13600.89,4088600,0,0
2008-06-01,13610.5,13612.1,11874.5,12046.2,12046.19,5588400,0,0
2008-07-01,12028.5,12035.2,10932.4,11881.3,11881.29,6375400,0,0
2008-08-01,11719.0,12078.7,11185.5,11707.3,11707.29,3607800,0,0
2008-09-01,11607.5,11936.3,10571.1,10987.5,10987.49,6706200,0,0
2008-10-01,11064.3,11441.5,7737.2,9116.0,9115.99,8630800,0,0
2008-11-01,9185.8,9883.8,7830.9,8910.6,8910.59,5648400,0,0
2008-12-01,8914.0,9332.9,8293.2,9195.8,9195.79,4284400,0,0
2009-01-01,9262.0,9800.0,7981.7,8450.4,8450.39,5082800,0,0
2009-02-01,8275.4,8653.8,7385.0,7620.9,7620.89,4921200,0,0
2009-03-01,7428.6,8121.7,6702.6,7815.0,7814.99,6333400,0,0
2009-04-01,7761.3,9100.8,7637.2,9038.0,9037.99,5942800,0,0
2009-05-01,9048.1,9555.6,8828.5,9424.3,9424.29,4983600,0,0
2009-06-01,9554.8,9890.6,9200.7,9787.8,9787.79,5045800,0,0
2009-07-01,9798.1,10932.9,9241.2,10855.1,10855.09,4715000,0,0
2009-08-01,10809.9,11522.8,10511.9,11365.1,11365.09,3314600,0,0
2009-09-01,11434.0,11938.2,10874.4,11756.1,11756.09,4155000,0,0
2009-10-01,11766.6,11960.4,11268.5,11414.8,11414.79,4883000,0,0
2009-11-01,11354.0,12102.6,11179.9,11644.7,11644.69,3710400,0,0
2009-12-01,11746.2,12070.9,11468.7,11940.0,11939.99,3418800,0,0
2010-01-01,11986.5,12240.5,10821.2,10947.7,10947.69,4322800,0,0
2010-02-01,10852.4,11201.6,9916.6,10333.6,10333.59,5002200,0,0
2010-03-01,10434.7,11190.0,10287.6,10871.3,10871.29,4184200,0,0
2010-04-01,10950.4,11566.1,10077.9,10492.2,10492.19,4806800,0,0
2010-05-01,10426.2,10452.2,8812.1,9359.4,9359.39,7346800,0,0
2010-06-01,9282.2,10209.5,8563.6,9263.4,9263.39,5692800,0,0
2010-07-01,9041.7,10788.0,8977.7,10499.8,10499.79,4784200,0,0
2010-08-01,10535.4,10953.1,9773.8,10187.0,10186.99,1008385400,0,0
2010-09-01,10232.7,10902.5,10170.1,10514.5,10514.49,3974524000,0,0
2010-10-01,10520.1,11021.6,10310.2,10812.9,10812.89,4111587000,0,0
2010-11-01,10901.8,10903.4,9203.4,9267.2,9267.19,6027089000,0,0
2010-12-01,9344.2,10253.9,9331.4,9859.1,9859.09,4494834000,0,0
2011-01-01,9899.4,10961.1,9387.9,10806.0,10805.99,6049364000,0,0
2011-02-01,10886.2,11165.0,10543.3,10850.8,10850.79,4876608000,0,0
2011-03-01,10898.8,10939.7,10076.5,10576.5,10576.49,6002825000,0,0
2011-04-01,10657.2,10958.2,10289.1,10878.9,10878.89,4154179000,0,0
2011-05-01,10917.4,10928.2,10030.6,10476.0,10475.99,4360330000,0,0
2011-06-01,10506.0,10549.0,9758.5,10359.9,10359.89,4607256000,0,0
2011-07-01,10359.4,10536.8,9276.1,9630.7,9630.69,5595492000,0,0
2011-08-01,9713.0,9752.3,7767.3,8718.6,8718.59,6303557000,0,0
2011-09-01,8748.0,8801.7,7505.3,8546.6,8546.59,5115628000,0,0
2011-10-01,8346.6,9351.0,8065.1,8954.9,8954.89,4462550000,0,0
2011-11-01,8775.4,8800.9,7601.2,8449.5,8449.49,4507031000,0,0
2011-12-01,8441.0,8844.2,8120.9,8566.3,8566.29,3628801000,0,0
2012-01-01,8558.0,8746.6,8233.8,8509.2,8509.19,4613077000,0,0
2012-02-01,8558.6,8967.4,8429.1,8465.9,8465.89,4208337000,0,0
2012-03-01,8442.0,8625.5,7866.4,8008.0,8007.99,5355500000,0,0
2012-04-01,8024.7,8072.6,6811.2,7011.0,7010.99,5615409600,0,0
2012-05-01,7100.9,7175.7,6012.0,6089.8,6089.79,6114999400,0,0
2012-06-01,6109.7,7102.2,5987.8,7102.2,7102.19,5693913800,0,0
2012-07-01,7082.4,7219.5,5905.3,6738.1,6738.09,5652954800,0,0
2012-08-01,6715.2,7645.0,6296.1,7420.5,7420.49,4072970600,0,0
2012-09-01,7398.5,8231.0,7351.2,7708.5,7708.49,3899291400,0,0
2012-10-01,7712.8,8156.6,7565.5,7842.9,7842.89,3578071600,0,0
2012-11-01,7807.1,7995.9,7490.6,7934.6,7934.59,3647751800,0,0
2012-12-01,7963.4,8345.4,7670.8,8167.5,8167.49,4853621600,0,0
2013-01-01,8337.9,8755.9,8286.7,8362.3,8362.29,5733507800,0,0
2013-02-01,8233.4,8400.1,7895.5,8230.3,8230.29,5653713600,0,0
2013-03-01,8220.5,8670.4,7797.2,7920.0,7919.99,5649808400,0,0
2013-04-01,7917.6,8524.2,7716.1,8419.0,8418.99,5670217200,0,0
2013-05-01,8393.9,8669.2,8216.5,8320.6,8320.59,5287322600,0,0
2013-06-01,8266.6,8430.0,7508.4,7762.7,7762.69,5430677400,0,0
2013-07-01,7817.0,8480.1,7612.8,8433.4,8433.39,4662330800,0,0
2013-08-01,8466.3,8828.1,8275.9,8290.5,8290.49,3576983500,0,0
2013-09-01,8370.2,9299.1,8331.1,9186.1,9186.09,4474030400,0,0
2013-10-01,9177.6,10063.9,9173.4,9907.9,9907.89,5258081300,0,0
2013-11-01,9906.6,10025.9,9467.0,9837.6,9837.59,4235766900,0,0
2013-12-01,9838.2,9949.8,9232.1,9916.7,9916.69,3872808400,0,0
2014-01-01,9923.6,10552.7,9716.5,9920.2,9920.19,7342758900,0,0
2014-02-01,9911.5,10269.0,9654.8,10114.2,10114.19,5704183200,0,0
2014-03-01,9951.6,10420.6,9703.1,10340.5,10340.49,6251645900,0,0
2014-04-01,10368.1,10705.1,9984.3,10459.0,10458.99,5381212000,0,0
2014-05-01,10453.6,10803.4,10282.4,10798.7,10798.69,5152915900,0,0
2014-06-01,10819.0,11249.4,10667.2,10923.5,10923.49,4952030600,0,0
2014-07-01,10954.5,11100.2,10423.6,10707.2,10707.19,5479330000,0,0
2014-08-01,10682.8,10883.8,9946.9,10728.8,10728.79,4219631700,0,0
2014-09-01,10749.2,11191.8,10625.5,10825.5,10825.49,5169512400,0,0
2014-10-01,10793.9,10889.3,9370.5,10477.8,10477.79,7956271000,0,0
2014-11-01,10454.3,10792.3,10017.5,10770.7,10770.69,6358510000,0,0
2014-12-01,10700.6,10928.3,9661.0,10279.5,10279.49,5890807900,0,0
2015-01-01,10386.7,10716.9,9610.1,10403.3,10403.29,8138216700,0,0
2015-02-01,10396.6,11184.5,10136.4,11178.3,11178.29,6402043500,0,0
2015-03-01,11190.5,11618.3,10858.4,11521.1,11521.09,6722708900,0,0
2015-04-01,11482.0,11884.6,11258.0,11385.0,11384.99,6194675400,0,0
2015-05-01,11351.1,11609.9,10928.2,11217.6,11217.59,4930278600,0,0
2015-06-01,11264.8,11497.1,10654.3,10769.5,10769.49,5883670100,0,0
2015-07-01,10857.7,11612.6,10324.3,11180.7,11180.69,6289684200,0,0
2015-08-01,11180.6,11330.0,9502.4,10259.0,10258.99,5883380300,0,0
2015-09-01,10136.1,10193.0,9231.3,9559.9,9559.89,6588833900,0,0
2015-10-01,9668.9,10591.9,9428.8,10360.7,10360.69,5915543200,0,0
2015-11-01,10279.3,10631.6,10005.2,10386.9,10386.89,5324798700,0,0
2015-12-01,10409.9,10476.6,9351.8,9544.2,9544.19,5341517600,0,0
2016-01-01,9429.8,9446.2,8206.0,8815.8,8815.79,6521442400,0,0
2016-02-01,8849.3,8896.5,7746.3,8461.4,8461.39,7253261200,0,0
2016-03-01,8454.6,9217.3,8423.6,8723.1,8723.09,6526789200,0,0
2016-04-01,8624.6,9360.2,8256.1,9025.7,9025.69,6326431900,0,0
2016-05-01,9066.9,9155.5,8563.9,9034.0,9033.99,5111866500,0,0
2016-06-01,9028.3,9056.6,7579.8,8163.3,8163.29,7287876500,0,0
2016-07-01,8240.1,8720.2,7857.8,8587.2,8587.2,5783994800,0,0
2016-08-01,8667.5,8780.7,8229.4,8716.8,8716.8,4054642300,0,0
2016-09-01,8746.3,9135.8,8543.1,8779.4,8779.4,5474332500,0,0
2016-10-01,8759.0,9255.3,8551.2,9143.3,9143.3,5388041600,0,0
2016-11-01,9206.5,9214.1,8558.5,8688.2,8688.2,6341923000,0,0
2016-12-01,8671.6,9452.9,8512.4,9352.1,9352.1,5998465500,0,0
2017-01-01,9448.3,9623.5,9279.0,9315.2,9315.2,5060206300,0,0
2017-02-01,9416.0,9614.6,9236.6,9555.5,9555.5,5155250400,0,0
2017-03-01,9618.0,10462.9,9616.6,10462.9,10462.9,6284978700,0,0
2017-04-01,10457.7,10828.8,10216.9,10715.8,10715.8,5253032100,0,0
2017-05-01,10737.7,11184.4,10564.3,10880.0,10880.0,6293560600,0,0
2017-06-01,10891.6,11048.0,10433.2,10444.5,10444.5,5108491700,0,0
2017-07-01,10507.6,10704.3,10368.1,10502.2,10502.2,3877194500,0,0
2017-08-01,10613.4,10758.2,10134.3,10299.5,10299.5,2684871400,0,0
2017-09-01,10328.8,10410.2,10087.6,10381.5,10381.5,3231023100,0,0
2017-10-01,10262.3,10570.5,9922.3,10523.5,10523.5,4735176800,0,0
2017-11-01,10591.4,10594.2,9889.4,10211.0,10211.0,3481066100,0,0
2017-12-01,10225.5,10380.3,10028.7,10043.9,10043.9,2851788200,0,0
2018-01-01,10089.6,10643.4,10017.0,10451.5,10451.5,3467187800,0,0
2018-02-01,10518.3,10543.7,9581.1,9840.3,9840.3,3797575900,0,0
2018-03-01,9795.3,9811.4,9327.6,9600.4,9600.4,3389121000,0,0
2018-04-01,9532.1,9995.4,9417.3,9980.6,9980.6,2672263600,0,0
2018-05-01,9982.6,10291.4,9400.3,9465.5,9465.5,4002713400,0,0
2018-06-01,9544.7,9985.9,9506.6,9622.7,9622.7,3911454800,0,0
2018-07-01,9526.3,9971.6,9443.5,9870.7,9870.7,3418150700,0,0
2018-08-01,9871.1,9902.3,9339.5,9399.1,9399.1,3050450100,0,0
2018-09-01,9387.7,9665.4,9111.1,9389.2,9389.2,3393043900,0,0
2018-10-01,9384.3,9475.2,8627.6,8893.5,8893.5,4734801200,0,0
2018-11-01,8882.5,9232.3,8829.6,9077.2,9077.2,3559637300,0,0
2018-12-01,9239.8,9262.1,8286.2,8539.9,8539.9,3502102800,0,0
2019-01-01,8448.3,9225.4,8354.8,9056.7,9056.7,3330623000,0,0
2019-02-01,9058.6,9293.1,8826.5,9277.7,9277.7,3341982100,0,0
2019-03-01,9313.5,9532.9,9106.8,9240.3,9240.3,3728201100,0,0
2019-04-01,9304.8,9588.2,9269.7,9570.6,9570.6,3280144200,0,0
2019-05-01,9545.5,9559.7,8959.5,9004.2,9004.2,3353960600,0,0
2019-06-01,8945.7,9332.5,8903.1,9198.8,9198.8,3254319800,0,0
2019-07-01,9290.3,9314.3,9217.5,9281.5,9281.5,276434900,0,0
2019-07-03,9290.5,9377.3,9277.1,9367.5,9367.5,52264467,0,0
