Date,Open,High,Low,Close,Volume,Dividends,Stock Splits
1993-02-01,9834.59,9913.39,9764.09,9865.29,10256100,0,0
1993-03-01,9393.29,9393.29,9242.99,9251.29,6878000,0,0
1993-04-01,2612.3,9903.99,2574.4,9760.99,61230500,0,0
1993-05-01,9718.39,9854.59,2626.9,9500.69,98609200,0,0
1993-06-01,9498.89,9663.89,2787.0,2854.6,98299100,0,0
1993-07-01,2854.6,9083.99,2799.0,2981.2,88000,0,0
1993-08-01,2999.4,3436.8,2970.4,3360.2,0,0,0
1993-09-01,3336.8,3336.8,3073.7,3177.3,0,0,0
1993-10-01,3177.3,3482.7,3157.4,3449.6,0,0,0
1993-11-01,3449.6,3477.9,3262.9,3280.1,0,0,0
1993-12-01,3301.9,3634.0,3301.9,3615.2,0,0,0
1994-01-01,3615.2,3980.5,3581.0,3980.5,0,0,0
1994-02-01,3954.4,3970.0,3671.5,3739.7,0,0,0
1994-03-01,3719.5,3784.0,3480.8,3489.1,0,0,0
1994-04-01,3485.6,3618.7,3293.8,3520.7,0,0,0
1994-05-01,3461.6,3677.3,3313.2,3512.6,0,0,0
1994-06-01,3502.5,3546.4,3144.4,3200.7,0,0,0
1994-07-01,3200.7,3364.4,3076.1,3364.2,0,0,0
1994-08-01,3379.9,3477.4,3204.8,3337.0,0,0,0
1994-09-01,3326.3,3326.3,3119.8,3176.6,0,0,0
1994-10-01,3156.3,3294.3,3056.3,3194.5,0,0,0
1994-11-01,3169.2,3341.5,3142.3,3287.1,0,0,0
1994-12-01,3281.2,3336.8,3017.7,3087.7,0,0,0
1995-01-01,3087.7,3121.3,2929.7,3040.1,0,0,0
1995-02-01,3054.2,3174.1,3002.2,3024.5,0,0,0
1995-03-01,3024.5,3092.3,2833.6,2931.7,0,0,0
1995-04-01,2931.7,3107.0,2911.9,3091.9,0,0,0
1995-05-01,3119.3,3348.8,3119.3,3226.5,0,0,0
1995-06-01,3240.5,3283.8,3196.0,3219.1,0,0,0
1995-07-01,3219.1,3395.9,3201.1,3373.4,0,0,0
1995-08-01,3375.9,3542.5,3375.9,3432.8,0,0,0
1995-09-01,3432.8,3546.6,3328.5,3376.8,0,0,0
1995-10-01,3376.8,3387.9,3162.2,3277.3,0,0,0
1995-11-01,3280.9,3527.9,3242.9,3510.1,0,0,0
1995-12-01,3520.5,3641.5,3509.2,3630.8,0,0,0
1996-01-01,3640.0,3768.1,3629.0,3734.5,0,0,0
1996-02-01,3734.5,3916.3,3611.8,3915.5,0,0,0
1996-03-01,3915.5,3939.5,3634.0,3857.1,0,0,0
1996-04-01,3857.1,4139.8,3830.2,4082.9,0,0,0
1996-05-01,4061.0,4189.8,3980.6,4111.7,0,0,0
1996-06-01,4092.9,4291.5,4064.6,4264.1,0,0,0
1996-07-01,4264.1,4306.5,3890.6,3979.4,0,0,0
1996-08-01,3992.2,4124.6,3985.5,4025.5,0,0,0
1996-09-01,4025.5,4240.4,3898.1,4215.6,0,0,0
1996-10-01,4215.6,4413.8,4208.7,4306.7,0,0,0
1996-11-01,4306.7,4667.9,4290.0,4667.79,0,0,0
1996-12-01,4667.79,5217.79,4603.3,5154.79,0,0,0
1997-01-01,5097.49,5571.49,5011.39,5327.39,0,0,0
1997-02-01,5318.39,5567.49,5263.79,5305.39,0,0,0
1997-03-01,5305.39,5702.79,5248.99,5424.29,0,0,0
1997-04-01,5367.59,5909.29,5254.49,5909.29,0,0,0
1997-05-01,5973.69,6747.69,5973.69,6300.79,0,0,0
1997-06-01,6300.79,6989.79,6179.99,6884.59,0,0,0
1997-07-01,6884.59,7222.29,6640.89,6810.89,0,0,0
1997-08-01,6810.89,6932.49,6500.19,6532.29,0,0,0
1997-09-01,6532.29,7307.39,6532.09,7269.69,0,0,0
1997-10-01,7269.69,7335.09,5403.49,6380.39,0,0,0
1997-11-01,6419.89,6953.49,6083.79,6932.09,0,0,0
1997-12-01,6989.99,7374.59,6967.49,7255.39,0,0,0
1998-01-01,7318.89,8000.49,7235.19,7958.99,0,0,0
1998-02-01,8030.19,8903.59,8003.49,8900.09,0,0,0
1998-03-01,8923.29,10407.79,8779.29,10209.09,0,0,0
1998-04-01,10209.09,10949.79,9503.29,10025.59,0,0,0
1998-05-01,10163.19,10527.69,9590.79,10005.69,0,0,0
1998-06-01,10005.69,10402.69,9465.79,10146.39,0,0,0
1998-07-01,10180.79,10989.79,10180.79,10493.69,0,0,0
1998-08-01,10437.79,10568.89,7869.99,8264.69,0,0,0
1998-09-01,8264.69,8735.29,7090.79,7676.49,0,0,0
1998-10-01,7676.49,8814.29,6869.69,8799.99,0,0,0
1998-11-01,8928.29,9981.89,8789.09,9645.49,0,0,0
1998-12-01,9469.39,10054.89,9002.79,9836.59,0,0,0
1999-01-01,9971.29,10920.09,8905.59,9878.79,0,0,0
1999-02-01,9941.59,10275.29,9363.69,9997.29,0,0,0
1999-03-01,9997.29,10276.19,9588.79,9740.69,0,0,0
1999-04-01,9826.89,10239.09,9605.29,9975.39,0,0,0
1999-05-01,9975.39,10416.29,9911.29,10072.29,0,0,0
1999-06-01,10072.29,10484.39,9981.39,10218.59,0,0,0
1999-07-01,10289.99,10555.59,9234.19,9391.89,0,0,0
1999-08-01,9391.89,10079.79,9100.39,9806.09,0,0,0
1999-09-01,9850.19,10116.99,9420.29,9525.39,0,0,0
1999-10-01,9525.39,9835.49,9210.79,9741.49,0,0,0
1999-11-01,9741.49,11022.79,9697.69,10958.09,0,0,0
1999-12-01,10958.09,11822.49,10900.99,11641.39,0,0,0
2000-01-01,11641.39,11881.79,10770.49,10835.09,0,0,0
2000-02-01,10839.99,12912.29,10839.99,12585.79,0,0,0
2000-03-01,12585.79,12968.49,11633.79,11934.99,0,0,0
2000-04-01,11934.99,11958.59,10771.59,11467.89,0,0,0
2000-05-01,11569.19,11974.39,10211.29,10688.49,0,0,0
2000-06-01,10688.49,11220.49,10351.39,10581.29,0,0,0
2000-07-01,10581.29,11063.89,10374.99,10531.59,40551000,0,0
2000-08-01,10531.59,11364.29,10452.99,10884.69,156112200,0,0
2000-09-01,10938.59,11510.19,10629.59,10949.99,162510700,0,0
2000-10-01,10949.99,11304.59,9826.59,10363.09,192952900,0,0
2000-11-01,10382.59,10673.89,9179.59,9214.49,200312600,0,0
2000-12-01,9260.49,9901.99,8756.39,9109.79,143353500,0,0
2001-01-01,9109.79,10219.49,8946.19,10115.99,200839800,0,0
2001-02-01,10115.99,10168.29,9231.59,9551.39,180419100,0,0
2001-03-01,9508.99,9962.99,8531.79,9308.29,213876100,0,0
2001-04-01,9308.29,9903.99,8784.79,9760.99,182414200,0,0
2001-05-01,9760.99,9854.59,9370.59,9500.69,169280000,0,0
2001-06-01,9498.89,9663.89,8634.09,8878.39,163234500,0,0
2001-07-01,8878.39,9104.89,8074.49,8479.99,2038000,0,0
2001-08-01,8479.99,8684.89,8083.79,8321.09,1633600,0,0
2001-09-01,8321.09,8374.39,6260.09,7313.99,2064900,0,0
2001-10-01,7313.99,8176.59,6925.89,7774.29,2613400,0,0
2001-11-01,7764.99,8742.69,7602.69,8364.69,2377000,0,0
2001-12-01,8302.89,8875.99,8099.49,8397.59,1774200,0,0
2002-01-01,8397.59,8608.49,7737.69,8050.39,2438700,0,0
2002-02-01,8066.99,8204.49,7627.99,8135.49,2139200,0,0
2002-03-01,8118.39,8481.09,8065.99,8249.69,2072200,0,0
2002-04-01,8235.79,8470.79,7933.09,8154.39,2185000,0,0
2002-05-01,8202.19,8229.69,7788.09,7949.89,2235800,0,0
2002-06-01,7917.49,8016.79,6433.59,6912.99,2450200,0,0
2002-07-01,6851.39,7165.09,5824.19,6249.29,3371000,0,0
2002-08-01,6250.39,6727.19,5815.59,6435.69,2254600,0,0
2002-09-01,6432.99,6514.49,5293.49,5431.69,2528200,0,0
2002-10-01,5477.19,6261.99,5266.89,6139.39,3207400,0,0
2002-11-01,6271.69,6766.79,5978.59,6685.59,2388600,0,0
2002-12-01,6659.59,6848.79,5981.09,6036.89,2016000,0,0
2003-01-01,6050.59,6645.49,5789.79,5947.69,2904400,0,0
2003-02-01,5989.39,6186.89,5741.89,5999.39,2360400,0,0
2003-03-01,6025.69,6258.49,5447.69,5870.49,3045600,0,0
2003-04-01,5900.79,6674.69,5893.29,6489.49,2776200,0,0
2003-05-01,6471.89,6578.09,6177.79,6508.49,2553000,0,0
2003-06-01,6551.49,7081.59,6491.69,6861.99,2897400,0,0
2003-07-01,6877.49,7067.89,6735.29,7061.69,2803200,0,0
2003-08-01,7027.79,7258.89,6876.79,7111.29,1735600,0,0
2003-09-01,7156.39,7315.39,6664.69,6703.59,2679600,0,0
2003-10-01,6722.29,7152.79,6701.69,7129.49,2638600,0,0
2003-11-01,7138.19,7318.89,7028.19,7252.49,2380600,0,0
2003-12-01,7284.59,7817.99,7280.89,7737.19,2344000,0,0
2004-01-01,7746.09,8134.79,7743.59,7929.89,2907600,0,0
2004-02-01,7937.19,8350.89,7869.59,8249.39,2691000,0,0
2004-03-01,8277.09,8375.99,7659.29,8018.09,3463200,0,0
2004-04-01,8039.89,8477.99,8015.99,8109.49,2475400,0,0
2004-05-01,8084.09,8265.99,7605.69,7959.29,2980600,0,0
2004-06-01,7932.39,8203.89,7836.09,8078.29,2421800,0,0
2004-07-01,8095.79,8141.49,7715.09,7919.29,2603800,0,0
2004-08-01,7879.99,7930.49,7538.69,7869.49,2023200,0,0
2004-09-01,7894.79,8131.19,7893.79,8029.19,2650200,0,0
2004-10-01,8037.69,8490.09,8037.69,8418.29,3090400,0,0
2004-11-01,8468.09,8784.09,8440.59,8692.99,3420400,0,0
2004-12-01,8676.49,9118.79,8673.29,9080.79,2376600,0,0
2005-01-01,9085.19,9224.59,8906.99,9223.89,2882800,0,0
2005-02-01,9218.89,9647.69,9193.59,9390.99,3077400,0,0
2005-03-01,9372.19,9581.79,9157.99,9258.79,2879600,0,0
2005-04-01,9254.69,9442.19,8938.89,9001.59,3126800,0,0
2005-05-01,9027.89,9472.39,9020.09,9427.09,2551200,0,0
2005-06-01,9455.39,9815.49,9442.99,9783.19,3044800,0,0
2005-07-01,9730.99,10162.39,9399.29,10115.59,3318800,0,0
2005-08-01,10122.59,10253.69,9823.79,10008.89,2816200,0,0
2005-09-01,10049.89,10851.39,10048.39,10813.89,3718400,0,0
2005-10-01,10835.79,10919.19,10255.99,10493.79,3663400,0,0
2005-11-01,10469.39,10716.79,10336.09,10557.79,3566800,0,0
2005-12-01,10579.99,10811.89,10423.89,10733.89,2707000,0,0
2006-01-01,10725.79,11112.09,10611.09,11104.29,3675800,0,0
2006-02-01,11030.49,11840.09,11030.09,11740.69,3597600,0,0
2006-03-01,11764.59,11969.99,11566.79,11854.29,3757200,0,0
2006-04-01,11923.49,11975.49,11552.09,11892.49,2667200,0,0
2006-05-01,11843.29,12105.99,10918.29,11340.49,4009000,0,0
2006-06-01,11327.69,11585.29,10744.19,11548.09,3704600,0,0
2006-07-01,11527.89,11892.29,11115.99,11817.99,2804600,0,0
2006-08-01,11806.89,12199.99,11698.49,12144.69,2345000,0,0
2006-09-01,12152.19,13001.59,11969.19,12934.69,3493200,0,0
2006-10-01,12937.19,13773.49,12819.59,13752.99,4128400,0,0
2006-11-01,13769.19,14337.99,13651.99,13849.29,4302400,0,0
2006-12-01,13910.49,14420.78,13551.09,14146.49,3066000,0,0
2007-01-01,14173.19,14605.58,14065.69,14553.19,4329600,0,0
2007-02-01,14637.48,14963.58,14070.89,14248.39,4019400,0,0
2007-03-01,14228.59,14730.39,13602.39,14641.69,5543800,0,0
2007-04-01,14619.89,15136.18,14341.99,14374.58,4147400,0,0
2007-05-01,14421.79,15340.48,14175.99,15329.38,4481400,0,0
2007-06-01,15330.39,15543.78,14582.39,14891.99,5317600,0,0
2007-07-01,14790.79,15297.19,14378.69,14802.39,4294200,0,0
2007-08-01,14508.89,15028.68,13841.59,14479.79,4550000,0,0
2007-09-01,14517.69,14704.49,13519.09,14576.49,4565600,0,0
2007-10-01,14518.99,15897.28,14443.89,15890.48,5692400,0,0
2007-11-01,15864.08,16040.38,15165.08,15759.88,5746200,0,0
2007-12-01,15767.08,15983.38,15107.38,15182.28,3659400,0,0
2008-01-01,15101.88,15185.98,11937.19,13228.99,7936000,0,0
2008-02-01,13440.69,13652.09,12721.39,13170.39,6137000,0,0
2008-03-01,12997.99,13596.39,12571.39,13268.99,5641600,0,0
2008-04-01,13205.59,14019.59,13106.79,13798.29,4952800,0,0
2008-05-01,13916.19,14301.29,13397.89,13600.89,4088600,0,0
2008-06-01,13610.49,13612.09,11874.49,12046.19,5588400,0,0
2008-07-01,12028.49,12035.19,10932.39,11881.29,6375400,0,0
2008-08-01,11718.99,12078.69,11185.49,11707.29,3607800,0,0
2008-09-01,11607.49,11936.29,10571.09,10987.49,6706200,0,0
2008-10-01,11064.29,11441.49,7737.19,9115.99,8630800,0,0
2008-11-01,9185.79,9883.79,7830.89,8910.59,5648400,0,0
2008-12-01,8913.99,9332.89,8293.19,9195.79,4284400,0,0
2009-01-01,9261.99,9799.99,7981.69,8450.39,5082800,0,0
2009-02-01,8275.39,8653.79,7384.99,7620.89,4921200,0,0
2009-03-01,7428.59,8121.69,6702.59,7814.99,6333400,0,0
2009-04-01,7761.29,9100.79,7637.19,9037.99,5942800,0,0
2009-05-01,9048.09,9555.59,8828.49,9424.29,4983600,0,0
2009-06-01,9554.79,9890.59,9200.69,9787.79,5045800,0,0
2009-07-01,9798.09,10932.89,9241.19,10855.09,4715000,0,0
2009-08-01,10809.89,11522.79,10511.89,11365.09,3314600,0,0
2009-09-01,11433.99,11938.19,10874.39,11756.09,4155000,0,0
2009-10-01,11766.59,11960.39,11268.49,11414.79,4883000,0,0
2009-11-01,11353.99,12102.59,11179.89,11644.69,3710400,0,0
2009-12-01,11746.19,12070.89,11468.69,11939.99,3418800,0,0
2010-01-01,11986.49,12240.49,10821.19,10947.69,4322800,0,0
2010-02-01,10852.39,11201.59,9916.59,10333.59,5002200,0,0
2010-03-01,10434.69,11189.99,10287.59,10871.29,4184200,0,0
2010-04-01,10950.39,11566.09,10077.89,10492.19,4806800,0,0
2010-05-01,10426.19,10452.19,8812.09,9359.39,7346800,0,0
2010-06-01,9282.19,10209.49,8563.59,9263.39,5692800,0,0
2010-07-01,9041.69,10787.99,8977.69,10499.79,4784200,0,0
2010-08-01,10535.39,10953.09,9773.79,10186.99,1008385400,0,0
2010-09-01,10232.69,10902.49,10170.09,10514.49,3974524000,0,0
2010-10-01,10520.09,11021.59,10310.19,10812.89,4111587000,0,0
2010-11-01,10901.79,10903.39,9203.39,9267.19,6027089000,0,0
2010-12-01,9344.19,10253.89,9331.39,9859.09,4494834000,0,0
2011-01-01,9899.39,10961.09,9387.89,10805.99,6049364000,0,0
2011-02-01,10886.19,11164.99,10543.29,10850.79,4876608000,0,0
2011-03-01,10898.79,10939.69,10076.49,10576.49,6002825000,0,0
2011-04-01,10657.19,10958.19,10289.09,10878.89,4154179000,0,0
2011-05-01,10917.39,10928.19,10030.59,10475.99,4360330000,0,0
2011-06-01,10505.99,10548.99,9758.49,10359.89,4607256000,0,0
2011-07-01,10359.39,10536.79,9276.09,9630.69,5595492000,0,0
2011-08-01,9712.99,9752.29,7767.29,8718.59,6303557000,0,0
2011-09-01,8747.99,8801.69,7505.29,8546.59,5115628000,0,0
2011-10-01,8346.59,9350.99,8065.09,8954.89,4462550000,0,0
2011-11-01,8775.39,8800.89,7601.19,8449.49,4507031000,0,0
2011-12-01,8440.99,8844.19,8120.89,8566.29,3628801000,0,0
2012-01-01,8557.99,8746.59,8233.79,8509.19,4613077000,0,0
2012-02-01,8558.59,8967.39,8429.09,8465.89,4208337000,0,0
2012-03-01,8441.99,8625.49,7866.39,8007.99,5355500000,0,0
2012-04-01,8024.69,8072.59,6811.19,7010.99,5615409600,0,0
2012-05-01,7100.89,7175.69,6011.99,6089.79,6114999400,0,0
2012-06-01,6109.69,7102.19,5987.79,7102.19,5693913800,0,0
2012-07-01,7082.39,7219.49,5905.29,6738.09,5652954800,0,0
2012-08-01,6715.19,7644.99,6296.09,7420.49,4072970600,0,0
2012-09-01,7398.49,8230.99,7351.19,7708.49,3899291400,0,0
2012-10-01,7712.79,8156.59,7565.49,7842.89,3578071600,0,0
2012-11-01,7807.09,7995.89,7490.59,7934.59,3647751800,0,0
2012-12-01,7963.39,8345.39,7670.79,8167.49,4853621600,0,0
2013-01-01,8337.89,8755.89,8286.69,8362.29,5733507800,0,0
2013-02-01,8233.39,8400.09,7895.49,8230.29,5653713600,0,0
2013-03-01,8220.49,8670.39,7797.19,7919.99,5649808400,0,0
2013-04-01,7917.59,8524.19,7716.09,8418.99,5670217200,0,0
2013-05-01,8393.89,8669.19,8216.49,8320.59,5287322600,0,0
2013-06-01,8266.59,8429.99,7508.39,7762.69,5430677400,0,0
2013-07-01,7816.99,8480.09,7612.79,8433.39,4662330800,0,0
2013-08-01,8466.29,8828.09,8275.89,8290.49,3576983500,0,0
2013-09-01,8370.19,9299.09,8331.09,9186.09,4474030400,0,0
2013-10-01,9177.59,10063.89,9173.39,9907.89,5258081300,0,0
2013-11-01,9906.59,10025.89,9466.99,9837.59,4235766900,0,0
2013-12-01,9838.19,9949.79,9232.09,9916.69,3872808400,0,0
2014-01-01,9923.59,10552.69,9716.49,9920.19,7342758900,0,0
2014-02-01,9911.49,10268.99,9654.79,10114.19,5704183200,0,0
2014-03-01,9951.59,10420.59,9703.09,10340.49,6251645900,0,0
2014-04-01,10368.09,10705.09,9984.29,10458.99,5381212000,0,0
2014-05-01,10453.59,10803.39,10282.39,10798.69,5152915900,0,0
2014-06-01,10818.99,11249.39,10667.19,10923.49,4952030600,0,0
2014-07-01,10954.49,11100.19,10423.59,10707.19,5479330000,0,0
2014-08-01,10682.79,10883.79,9946.89,10728.79,4219631700,0,0
2014-09-01,10749.19,11191.79,10625.49,10825.49,5169512400,0,0
2014-10-01,10793.89,10889.29,9370.49,10477.79,7956271000,0,0
2014-11-01,10454.29,10792.29,10017.49,10770.69,6358510000,0,0
2014-12-01,10700.59,10928.29,9660.99,10279.49,5890807900,0,0
2015-01-01,10386.69,10716.89,9610.09,10403.29,8138216700,0,0
2015-02-01,10396.59,11184.49,10136.39,11178.29,6402043500,0,0
2015-03-01,11190.49,11618.29,10858.39,11521.09,6722708900,0,0
2015-04-01,11481.99,11884.59,11257.99,11384.99,6194675400,0,0
2015-05-01,11351.09,11609.89,10928.19,11217.59,4930278600,0,0
2015-06-01,11264.79,11497.09,10654.29,10769.49,5883670100,0,0
2015-07-01,10857.69,11612.59,10324.29,11180.69,6289684200,0,0
2015-08-01,11180.59,11329.99,9502.39,10258.99,5883380300,0,0
2015-09-01,10136.09,10192.99,9231.29,9559.89,6588833900,0,0
2015-10-01,9668.89,10591.89,9428.79,10360.69,5915543200,0,0
2015-11-01,10279.29,10631.59,10005.19,10386.89,5324798700,0,0
2015-12-01,10409.89,10476.59,9351.79,9544.19,5341517600,0,0
2016-01-01,9429.79,9446.19,8205.99,8815.79,6521442400,0,0
2016-02-01,8849.29,8896.49,7746.29,8461.39,7253261200,0,0
2016-03-01,8454.59,9217.29,8423.59,8723.09,6526789200,0,0
2016-04-01,8624.59,9360.19,8256.09,9025.69,6326431900,0,0
2016-05-01,9066.89,9155.49,8563.89,9033.99,5111866500,0,0
2016-06-01,9028.29,9056.59,7579.79,8163.29,7287876500,0,0
2016-07-01,8240.1,8720.2,7857.8,8587.2,5783994800,0,0
2016-08-01,8667.5,8780.7,8229.4,8716.8,4054642300,0,0
2016-09-01,8746.3,9135.8,8543.1,8779.4,5474332500,0,0
2016-10-01,8759.0,9255.3,8551.2,9143.3,5388041600,0,0
2016-11-01,9206.5,9214.1,8558.5,8688.2,6341923000,0,0
2016-12-01,8671.6,9452.9,8512.4,9352.1,5998465500,0,0
2017-01-01,9448.3,9623.5,9279.0,9315.2,5060206300,0,0
2017-02-01,9416.0,9614.6,9236.6,9555.5,5155250400,0,0
2017-03-01,9618.0,10462.9,9616.6,10462.9,6284978700,0,0
2017-04-01,10457.7,10828.8,10216.9,10715.8,5253032100,0,0
2017-05-01,10737.7,11184.4,10564.3,10880.0,6293560600,0,0
2017-06-01,10891.6,11048.0,10433.2,10444.5,5108491700,0,0
2017-07-01,10507.6,10704.3,10368.1,10502.2,3877194500,0,0
2017-08-01,10613.4,10758.2,10134.3,10299.5,2684871400,0,0
2017-09-01,10328.8,10410.2,10087.6,10381.5,3231023100,0,0
2017-10-01,10262.3,10570.5,9922.3,10523.5,4735176800,0,0
2017-11-01,10591.4,10594.2,9889.4,10211.0,3481066100,0,0
2017-12-01,10225.5,10380.3,10028.7,10043.9,2851788200,0,0
2018-01-01,10089.6,10643.4,10017.0,10451.5,3467187800,0,0
2018-02-01,10518.3,10543.7,9581.1,9840.3,3797575900,0,0
2018-03-01,9795.3,9811.4,9327.6,9600.4,3389121000,0,0
2018-04-01,9532.1,9995.4,9417.3,9980.6,2672263600,0,0
2018-05-01,9982.6,10291.4,9400.3,9465.5,4002713400,0,0
2018-06-01,9544.7,9985.9,9506.6,9622.7,3911454800,0,0
2018-07-01,9526.3,9971.6,9443.5,9870.7,3418150700,0,0
2018-08-01,9871.1,9902.3,9339.5,9399.1,3050450100,0,0
2018-09-01,9387.7,9665.4,9111.1,9389.2,3393043900,0,0
2018-10-01,9384.3,9475.2,8627.6,8893.5,4734801200,0,0
2018-11-01,8882.5,9232.3,8829.6,9077.2,3559637300,0,0
2018-12-01,9239.8,9262.1,8286.2,8539.9,3502102800,0,0
2019-01-01,8448.3,9225.4,8354.8,9056.7,3330623000,0,0
2019-02-01,9058.6,9293.1,8826.5,9277.7,3341982100,0,0
2019-03-01,9313.5,9532.9,9106.8,9240.3,3728201100,0,0
2019-04-01,9304.8,9588.2,9269.7,9570.6,3280144200,0,0
2019-05-01,9545.5,9559.7,8959.5,9004.2,3353960600,0,0
2019-06-01,8945.7,9332.5,8903.1,9198.8,3254319800,0,0
2019-07-01,9199.6,9205.1,9143.9,9264.6,154920248,0,0
